(kicad_pcb (version 20171130) (host pcbnew 5.1.5+dfsg1-2build2)

  (general
    (thickness 1.6)
    (drawings 16)
    (tracks 233)
    (zones 0)
    (modules 29)
    (nets 143)
  )

  (page A4)
  (layers
    (0 F.Cu signal)
    (31 B.Cu signal)
    (32 B.Adhes user)
    (33 F.Adhes user)
    (34 B.Paste user)
    (35 F.Paste user)
    (36 B.SilkS user)
    (37 F.SilkS user)
    (38 B.Mask user)
    (39 F.Mask user)
    (40 Dwgs.User user)
    (41 Cmts.User user)
    (42 Eco1.User user)
    (43 Eco2.User user)
    (44 Edge.Cuts user)
    (45 Margin user)
    (46 B.CrtYd user)
    (47 F.CrtYd user)
    (48 B.Fab user)
    (49 F.Fab user)
  )

  (setup
    (last_trace_width 0.25)
    (trace_clearance 0.2)
    (zone_clearance 0.508)
    (zone_45_only no)
    (trace_min 0.2)
    (via_size 0.8)
    (via_drill 0.4)
    (via_min_size 0.4)
    (via_min_drill 0.3)
    (uvia_size 0.3)
    (uvia_drill 0.1)
    (uvias_allowed no)
    (uvia_min_size 0.2)
    (uvia_min_drill 0.1)
    (edge_width 0.05)
    (segment_width 0.2)
    (pcb_text_width 0.3)
    (pcb_text_size 1.5 1.5)
    (mod_edge_width 0.12)
    (mod_text_size 1 1)
    (mod_text_width 0.15)
    (pad_size 1.524 1.524)
    (pad_drill 0.762)
    (pad_to_mask_clearance 0.051)
    (solder_mask_min_width 0.25)
    (aux_axis_origin 0 0)
    (visible_elements FFFFFF7F)
    (pcbplotparams
      (layerselection 0x010fc_ffffffff)
      (usegerberextensions true)
      (usegerberattributes false)
      (usegerberadvancedattributes false)
      (creategerberjobfile false)
      (excludeedgelayer true)
      (linewidth 0.100000)
      (plotframeref false)
      (viasonmask false)
      (mode 1)
      (useauxorigin false)
      (hpglpennumber 1)
      (hpglpenspeed 20)
      (hpglpendiameter 15.000000)
      (psnegative false)
      (psa4output false)
      (plotreference true)
      (plotvalue true)
      (plotinvisibletext false)
      (padsonsilk false)
      (subtractmaskfromsilk true)
      (outputformat 1)
      (mirror false)
      (drillshape 0)
      (scaleselection 1)
      (outputdirectory "main-board/"))
  )

  (net 0 "")
  (net 1 "Net-(D1-Pad2)")
  (net 2 GND)
  (net 3 "Net-(D2-Pad2)")
  (net 4 "Net-(D3-Pad2)")
  (net 5 "Net-(D4-Pad2)")
  (net 6 "Net-(D5-Pad2)")
  (net 7 "Net-(D6-Pad2)")
  (net 8 "Net-(D7-Pad2)")
  (net 9 /RFID6)
  (net 10 /RFID5)
  (net 11 /RFID4)
  (net 12 /RFID3)
  (net 13 /RFID2)
  (net 14 /RFID1)
  (net 15 +5V)
  (net 16 "Net-(J4-Pad40)")
  (net 17 "Net-(J4-Pad39)")
  (net 18 "Net-(J4-Pad38)")
  (net 19 "Net-(J4-Pad37)")
  (net 20 "Net-(J4-Pad36)")
  (net 21 "Net-(J4-Pad35)")
  (net 22 "Net-(J4-Pad34)")
  (net 23 "Net-(J4-Pad33)")
  (net 24 "Net-(J4-Pad32)")
  (net 25 "Net-(J4-Pad31)")
  (net 26 "Net-(J4-Pad30)")
  (net 27 "Net-(J4-Pad29)")
  (net 28 "Net-(J4-Pad28)")
  (net 29 "Net-(J4-Pad27)")
  (net 30 "Net-(J4-Pad26)")
  (net 31 "Net-(J4-Pad25)")
  (net 32 "Net-(J4-Pad24)")
  (net 33 "Net-(J4-Pad23)")
  (net 34 "Net-(J4-Pad22)")
  (net 35 "Net-(J4-Pad21)")
  (net 36 "Net-(J4-Pad20)")
  (net 37 "Net-(J4-Pad19)")
  (net 38 "Net-(J4-Pad18)")
  (net 39 "Net-(J4-Pad17)")
  (net 40 "Net-(J4-Pad16)")
  (net 41 "Net-(J4-Pad15)")
  (net 42 "Net-(J4-Pad14)")
  (net 43 "Net-(J4-Pad13)")
  (net 44 /SDA)
  (net 45 "Net-(J4-Pad11)")
  (net 46 /SCL)
  (net 47 "Net-(J4-Pad9)")
  (net 48 "Net-(J4-Pad8)")
  (net 49 "Net-(J4-Pad6)")
  (net 50 "Net-(J4-Pad5)")
  (net 51 "Net-(J4-Pad4)")
  (net 52 "Net-(J4-Pad3)")
  (net 53 "Net-(J4-Pad2)")
  (net 54 "Net-(J5-Pad12)")
  (net 55 "Net-(J6-Pad3)")
  (net 56 "Net-(J6-Pad2)")
  (net 57 "Net-(R1-Pad2)")
  (net 58 "Net-(R2-Pad2)")
  (net 59 "Net-(R3-Pad2)")
  (net 60 "Net-(R4-Pad2)")
  (net 61 "Net-(R5-Pad2)")
  (net 62 "Net-(R6-Pad2)")
  (net 63 "Net-(R7-Pad2)")
  (net 64 "Net-(RV1-Pad2)")
  (net 65 "Net-(U1-Pad6)")
  (net 66 "Net-(U1-Pad12)")
  (net 67 "Net-(U1-Pad5)")
  (net 68 "Net-(U1-Pad11)")
  (net 69 "Net-(U1-Pad4)")
  (net 70 "Net-(U1-Pad10)")
  (net 71 "Net-(U1-Pad3)")
  (net 72 "Net-(U1-Pad8)")
  (net 73 "Net-(U2-Pad6)")
  (net 74 "Net-(U2-Pad12)")
  (net 75 "Net-(U2-Pad5)")
  (net 76 "Net-(U2-Pad11)")
  (net 77 "Net-(U2-Pad4)")
  (net 78 "Net-(U2-Pad10)")
  (net 79 "Net-(U2-Pad3)")
  (net 80 "Net-(U2-Pad8)")
  (net 81 "Net-(U3-Pad6)")
  (net 82 "Net-(U3-Pad12)")
  (net 83 "Net-(U3-Pad5)")
  (net 84 "Net-(U3-Pad11)")
  (net 85 "Net-(U3-Pad4)")
  (net 86 "Net-(U3-Pad10)")
  (net 87 "Net-(U3-Pad3)")
  (net 88 "Net-(U3-Pad8)")
  (net 89 "Net-(U4-Pad6)")
  (net 90 "Net-(U4-Pad12)")
  (net 91 "Net-(U4-Pad5)")
  (net 92 "Net-(U4-Pad11)")
  (net 93 "Net-(U4-Pad4)")
  (net 94 "Net-(U4-Pad10)")
  (net 95 "Net-(U4-Pad3)")
  (net 96 "Net-(U4-Pad8)")
  (net 97 "Net-(U5-Pad6)")
  (net 98 "Net-(U5-Pad12)")
  (net 99 "Net-(U5-Pad5)")
  (net 100 "Net-(U5-Pad11)")
  (net 101 "Net-(U5-Pad4)")
  (net 102 "Net-(U5-Pad10)")
  (net 103 "Net-(U5-Pad3)")
  (net 104 "Net-(U5-Pad8)")
  (net 105 "Net-(U6-Pad6)")
  (net 106 "Net-(U6-Pad12)")
  (net 107 "Net-(U6-Pad5)")
  (net 108 "Net-(U6-Pad11)")
  (net 109 "Net-(U6-Pad4)")
  (net 110 "Net-(U6-Pad10)")
  (net 111 "Net-(U6-Pad3)")
  (net 112 "Net-(U6-Pad8)")
  (net 113 "Net-(U7-Pad6)")
  (net 114 "Net-(U7-Pad12)")
  (net 115 "Net-(U7-Pad5)")
  (net 116 "Net-(U7-Pad11)")
  (net 117 "Net-(U7-Pad4)")
  (net 118 "Net-(U7-Pad10)")
  (net 119 "Net-(U7-Pad3)")
  (net 120 "Net-(U7-Pad8)")
  (net 121 "Net-(U8-Pad28)")
  (net 122 "Net-(U8-Pad27)")
  (net 123 "Net-(U8-Pad26)")
  (net 124 "Net-(U8-Pad25)")
  (net 125 "Net-(U8-Pad24)")
  (net 126 "Net-(U8-Pad23)")
  (net 127 "Net-(U8-Pad22)")
  (net 128 "Net-(U8-Pad21)")
  (net 129 "Net-(U8-Pad18)")
  (net 130 "Net-(U8-Pad17)")
  (net 131 "Net-(U8-Pad16)")
  (net 132 "Net-(U8-Pad14)")
  (net 133 "Net-(U8-Pad13)")
  (net 134 "Net-(U8-Pad12)")
  (net 135 "Net-(U8-Pad11)")
  (net 136 "Net-(U8-Pad10)")
  (net 137 "Net-(U8-Pad8)")
  (net 138 "Net-(U8-Pad6)")
  (net 139 "Net-(U8-Pad4)")
  (net 140 "Net-(U8-Pad3)")
  (net 141 "Net-(U8-Pad2)")
  (net 142 "Net-(U8-Pad1)")

  (net_class Default "This is the default net class."
    (clearance 0.2)
    (trace_width 0.25)
    (via_dia 0.8)
    (via_drill 0.4)
    (uvia_dia 0.3)
    (uvia_drill 0.1)
    (add_net +5V)
    (add_net /RFID1)
    (add_net /RFID2)
    (add_net /RFID3)
    (add_net /RFID4)
    (add_net /RFID5)
    (add_net /RFID6)
    (add_net /SCL)
    (add_net /SDA)
    (add_net GND)
    (add_net "Net-(D1-Pad2)")
    (add_net "Net-(D2-Pad2)")
    (add_net "Net-(D3-Pad2)")
    (add_net "Net-(D4-Pad2)")
    (add_net "Net-(D5-Pad2)")
    (add_net "Net-(D6-Pad2)")
    (add_net "Net-(D7-Pad2)")
    (add_net "Net-(J4-Pad11)")
    (add_net "Net-(J4-Pad13)")
    (add_net "Net-(J4-Pad14)")
    (add_net "Net-(J4-Pad15)")
    (add_net "Net-(J4-Pad16)")
    (add_net "Net-(J4-Pad17)")
    (add_net "Net-(J4-Pad18)")
    (add_net "Net-(J4-Pad19)")
    (add_net "Net-(J4-Pad2)")
    (add_net "Net-(J4-Pad20)")
    (add_net "Net-(J4-Pad21)")
    (add_net "Net-(J4-Pad22)")
    (add_net "Net-(J4-Pad23)")
    (add_net "Net-(J4-Pad24)")
    (add_net "Net-(J4-Pad25)")
    (add_net "Net-(J4-Pad26)")
    (add_net "Net-(J4-Pad27)")
    (add_net "Net-(J4-Pad28)")
    (add_net "Net-(J4-Pad29)")
    (add_net "Net-(J4-Pad3)")
    (add_net "Net-(J4-Pad30)")
    (add_net "Net-(J4-Pad31)")
    (add_net "Net-(J4-Pad32)")
    (add_net "Net-(J4-Pad33)")
    (add_net "Net-(J4-Pad34)")
    (add_net "Net-(J4-Pad35)")
    (add_net "Net-(J4-Pad36)")
    (add_net "Net-(J4-Pad37)")
    (add_net "Net-(J4-Pad38)")
    (add_net "Net-(J4-Pad39)")
    (add_net "Net-(J4-Pad4)")
    (add_net "Net-(J4-Pad40)")
    (add_net "Net-(J4-Pad5)")
    (add_net "Net-(J4-Pad6)")
    (add_net "Net-(J4-Pad8)")
    (add_net "Net-(J4-Pad9)")
    (add_net "Net-(J5-Pad12)")
    (add_net "Net-(J6-Pad2)")
    (add_net "Net-(J6-Pad3)")
    (add_net "Net-(R1-Pad2)")
    (add_net "Net-(R2-Pad2)")
    (add_net "Net-(R3-Pad2)")
    (add_net "Net-(R4-Pad2)")
    (add_net "Net-(R5-Pad2)")
    (add_net "Net-(R6-Pad2)")
    (add_net "Net-(R7-Pad2)")
    (add_net "Net-(RV1-Pad2)")
    (add_net "Net-(U1-Pad10)")
    (add_net "Net-(U1-Pad11)")
    (add_net "Net-(U1-Pad12)")
    (add_net "Net-(U1-Pad3)")
    (add_net "Net-(U1-Pad4)")
    (add_net "Net-(U1-Pad5)")
    (add_net "Net-(U1-Pad6)")
    (add_net "Net-(U1-Pad8)")
    (add_net "Net-(U2-Pad10)")
    (add_net "Net-(U2-Pad11)")
    (add_net "Net-(U2-Pad12)")
    (add_net "Net-(U2-Pad3)")
    (add_net "Net-(U2-Pad4)")
    (add_net "Net-(U2-Pad5)")
    (add_net "Net-(U2-Pad6)")
    (add_net "Net-(U2-Pad8)")
    (add_net "Net-(U3-Pad10)")
    (add_net "Net-(U3-Pad11)")
    (add_net "Net-(U3-Pad12)")
    (add_net "Net-(U3-Pad3)")
    (add_net "Net-(U3-Pad4)")
    (add_net "Net-(U3-Pad5)")
    (add_net "Net-(U3-Pad6)")
    (add_net "Net-(U3-Pad8)")
    (add_net "Net-(U4-Pad10)")
    (add_net "Net-(U4-Pad11)")
    (add_net "Net-(U4-Pad12)")
    (add_net "Net-(U4-Pad3)")
    (add_net "Net-(U4-Pad4)")
    (add_net "Net-(U4-Pad5)")
    (add_net "Net-(U4-Pad6)")
    (add_net "Net-(U4-Pad8)")
    (add_net "Net-(U5-Pad10)")
    (add_net "Net-(U5-Pad11)")
    (add_net "Net-(U5-Pad12)")
    (add_net "Net-(U5-Pad3)")
    (add_net "Net-(U5-Pad4)")
    (add_net "Net-(U5-Pad5)")
    (add_net "Net-(U5-Pad6)")
    (add_net "Net-(U5-Pad8)")
    (add_net "Net-(U6-Pad10)")
    (add_net "Net-(U6-Pad11)")
    (add_net "Net-(U6-Pad12)")
    (add_net "Net-(U6-Pad3)")
    (add_net "Net-(U6-Pad4)")
    (add_net "Net-(U6-Pad5)")
    (add_net "Net-(U6-Pad6)")
    (add_net "Net-(U6-Pad8)")
    (add_net "Net-(U7-Pad10)")
    (add_net "Net-(U7-Pad11)")
    (add_net "Net-(U7-Pad12)")
    (add_net "Net-(U7-Pad3)")
    (add_net "Net-(U7-Pad4)")
    (add_net "Net-(U7-Pad5)")
    (add_net "Net-(U7-Pad6)")
    (add_net "Net-(U7-Pad8)")
    (add_net "Net-(U8-Pad1)")
    (add_net "Net-(U8-Pad10)")
    (add_net "Net-(U8-Pad11)")
    (add_net "Net-(U8-Pad12)")
    (add_net "Net-(U8-Pad13)")
    (add_net "Net-(U8-Pad14)")
    (add_net "Net-(U8-Pad16)")
    (add_net "Net-(U8-Pad17)")
    (add_net "Net-(U8-Pad18)")
    (add_net "Net-(U8-Pad2)")
    (add_net "Net-(U8-Pad21)")
    (add_net "Net-(U8-Pad22)")
    (add_net "Net-(U8-Pad23)")
    (add_net "Net-(U8-Pad24)")
    (add_net "Net-(U8-Pad25)")
    (add_net "Net-(U8-Pad26)")
    (add_net "Net-(U8-Pad27)")
    (add_net "Net-(U8-Pad28)")
    (add_net "Net-(U8-Pad3)")
    (add_net "Net-(U8-Pad4)")
    (add_net "Net-(U8-Pad6)")
    (add_net "Net-(U8-Pad8)")
  )

  (module LED_THT:LED_D3.0mm (layer F.Cu) (tedit 587A3A7B) (tstamp 61BCDE20)
    (at 115.57 119.38 180)
    (descr "LED, diameter 3.0mm, 2 pins")
    (tags "LED diameter 3.0mm 2 pins")
    (path /61BFF708)
    (fp_text reference D1 (at 1.27 -2.96) (layer F.SilkS)
      (effects (font (size 1 1) (thickness 0.15)))
    )
    (fp_text value LED (at 1.27 2.96) (layer F.Fab)
      (effects (font (size 1 1) (thickness 0.15)))
    )
    (fp_line (start 3.7 -2.25) (end -1.15 -2.25) (layer F.CrtYd) (width 0.05))
    (fp_line (start 3.7 2.25) (end 3.7 -2.25) (layer F.CrtYd) (width 0.05))
    (fp_line (start -1.15 2.25) (end 3.7 2.25) (layer F.CrtYd) (width 0.05))
    (fp_line (start -1.15 -2.25) (end -1.15 2.25) (layer F.CrtYd) (width 0.05))
    (fp_line (start -0.29 1.08) (end -0.29 1.236) (layer F.SilkS) (width 0.12))
    (fp_line (start -0.29 -1.236) (end -0.29 -1.08) (layer F.SilkS) (width 0.12))
    (fp_line (start -0.23 -1.16619) (end -0.23 1.16619) (layer F.Fab) (width 0.1))
    (fp_circle (center 1.27 0) (end 2.77 0) (layer F.Fab) (width 0.1))
    (fp_arc (start 1.27 0) (end 0.229039 1.08) (angle -87.9) (layer F.SilkS) (width 0.12))
    (fp_arc (start 1.27 0) (end 0.229039 -1.08) (angle 87.9) (layer F.SilkS) (width 0.12))
    (fp_arc (start 1.27 0) (end -0.29 1.235516) (angle -108.8) (layer F.SilkS) (width 0.12))
    (fp_arc (start 1.27 0) (end -0.29 -1.235516) (angle 108.8) (layer F.SilkS) (width 0.12))
    (fp_arc (start 1.27 0) (end -0.23 -1.16619) (angle 284.3) (layer F.Fab) (width 0.1))
    (pad 2 thru_hole circle (at 2.54 0 180) (size 1.8 1.8) (drill 0.9) (layers *.Cu *.Mask)
      (net 1 "Net-(D1-Pad2)"))
    (pad 1 thru_hole rect (at 0 0 180) (size 1.8 1.8) (drill 0.9) (layers *.Cu *.Mask)
      (net 2 GND))
    (model ${KISYS3DMOD}/LED_THT.3dshapes/LED_D3.0mm.wrl
      (at (xyz 0 0 0))
      (scale (xyz 1 1 1))
      (rotate (xyz 0 0 0))
    )
  )

  (module LED_THT:LED_D3.0mm (layer F.Cu) (tedit 587A3A7B) (tstamp 61BCDE33)
    (at 129.54 119.38 180)
    (descr "LED, diameter 3.0mm, 2 pins")
    (tags "LED diameter 3.0mm 2 pins")
    (path /61BF3920)
    (fp_text reference D2 (at 1.27 -2.96) (layer F.SilkS)
      (effects (font (size 1 1) (thickness 0.15)))
    )
    (fp_text value LED (at 1.27 2.96) (layer F.Fab)
      (effects (font (size 1 1) (thickness 0.15)))
    )
    (fp_arc (start 1.27 0) (end -0.23 -1.16619) (angle 284.3) (layer F.Fab) (width 0.1))
    (fp_arc (start 1.27 0) (end -0.29 -1.235516) (angle 108.8) (layer F.SilkS) (width 0.12))
    (fp_arc (start 1.27 0) (end -0.29 1.235516) (angle -108.8) (layer F.SilkS) (width 0.12))
    (fp_arc (start 1.27 0) (end 0.229039 -1.08) (angle 87.9) (layer F.SilkS) (width 0.12))
    (fp_arc (start 1.27 0) (end 0.229039 1.08) (angle -87.9) (layer F.SilkS) (width 0.12))
    (fp_circle (center 1.27 0) (end 2.77 0) (layer F.Fab) (width 0.1))
    (fp_line (start -0.23 -1.16619) (end -0.23 1.16619) (layer F.Fab) (width 0.1))
    (fp_line (start -0.29 -1.236) (end -0.29 -1.08) (layer F.SilkS) (width 0.12))
    (fp_line (start -0.29 1.08) (end -0.29 1.236) (layer F.SilkS) (width 0.12))
    (fp_line (start -1.15 -2.25) (end -1.15 2.25) (layer F.CrtYd) (width 0.05))
    (fp_line (start -1.15 2.25) (end 3.7 2.25) (layer F.CrtYd) (width 0.05))
    (fp_line (start 3.7 2.25) (end 3.7 -2.25) (layer F.CrtYd) (width 0.05))
    (fp_line (start 3.7 -2.25) (end -1.15 -2.25) (layer F.CrtYd) (width 0.05))
    (pad 1 thru_hole rect (at 0 0 180) (size 1.8 1.8) (drill 0.9) (layers *.Cu *.Mask)
      (net 2 GND))
    (pad 2 thru_hole circle (at 2.54 0 180) (size 1.8 1.8) (drill 0.9) (layers *.Cu *.Mask)
      (net 3 "Net-(D2-Pad2)"))
    (model ${KISYS3DMOD}/LED_THT.3dshapes/LED_D3.0mm.wrl
      (at (xyz 0 0 0))
      (scale (xyz 1 1 1))
      (rotate (xyz 0 0 0))
    )
  )

  (module LED_THT:LED_D3.0mm (layer F.Cu) (tedit 587A3A7B) (tstamp 61BCDE46)
    (at 143.51 119.38 180)
    (descr "LED, diameter 3.0mm, 2 pins")
    (tags "LED diameter 3.0mm 2 pins")
    (path /61BEF40D)
    (fp_text reference D3 (at 1.27 -2.96) (layer F.SilkS)
      (effects (font (size 1 1) (thickness 0.15)))
    )
    (fp_text value LED (at 1.27 2.96) (layer F.Fab)
      (effects (font (size 1 1) (thickness 0.15)))
    )
    (fp_line (start 3.7 -2.25) (end -1.15 -2.25) (layer F.CrtYd) (width 0.05))
    (fp_line (start 3.7 2.25) (end 3.7 -2.25) (layer F.CrtYd) (width 0.05))
    (fp_line (start -1.15 2.25) (end 3.7 2.25) (layer F.CrtYd) (width 0.05))
    (fp_line (start -1.15 -2.25) (end -1.15 2.25) (layer F.CrtYd) (width 0.05))
    (fp_line (start -0.29 1.08) (end -0.29 1.236) (layer F.SilkS) (width 0.12))
    (fp_line (start -0.29 -1.236) (end -0.29 -1.08) (layer F.SilkS) (width 0.12))
    (fp_line (start -0.23 -1.16619) (end -0.23 1.16619) (layer F.Fab) (width 0.1))
    (fp_circle (center 1.27 0) (end 2.77 0) (layer F.Fab) (width 0.1))
    (fp_arc (start 1.27 0) (end 0.229039 1.08) (angle -87.9) (layer F.SilkS) (width 0.12))
    (fp_arc (start 1.27 0) (end 0.229039 -1.08) (angle 87.9) (layer F.SilkS) (width 0.12))
    (fp_arc (start 1.27 0) (end -0.29 1.235516) (angle -108.8) (layer F.SilkS) (width 0.12))
    (fp_arc (start 1.27 0) (end -0.29 -1.235516) (angle 108.8) (layer F.SilkS) (width 0.12))
    (fp_arc (start 1.27 0) (end -0.23 -1.16619) (angle 284.3) (layer F.Fab) (width 0.1))
    (pad 2 thru_hole circle (at 2.54 0 180) (size 1.8 1.8) (drill 0.9) (layers *.Cu *.Mask)
      (net 4 "Net-(D3-Pad2)"))
    (pad 1 thru_hole rect (at 0 0 180) (size 1.8 1.8) (drill 0.9) (layers *.Cu *.Mask)
      (net 2 GND))
    (model ${KISYS3DMOD}/LED_THT.3dshapes/LED_D3.0mm.wrl
      (at (xyz 0 0 0))
      (scale (xyz 1 1 1))
      (rotate (xyz 0 0 0))
    )
  )

  (module LED_THT:LED_D3.0mm (layer F.Cu) (tedit 587A3A7B) (tstamp 61BCDE59)
    (at 157.48 119.38 180)
    (descr "LED, diameter 3.0mm, 2 pins")
    (tags "LED diameter 3.0mm 2 pins")
    (path /61BBDDD6)
    (fp_text reference D4 (at 1.27 -2.96) (layer F.SilkS)
      (effects (font (size 1 1) (thickness 0.15)))
    )
    (fp_text value LED (at 1.27 2.96) (layer F.Fab)
      (effects (font (size 1 1) (thickness 0.15)))
    )
    (fp_arc (start 1.27 0) (end -0.23 -1.16619) (angle 284.3) (layer F.Fab) (width 0.1))
    (fp_arc (start 1.27 0) (end -0.29 -1.235516) (angle 108.8) (layer F.SilkS) (width 0.12))
    (fp_arc (start 1.27 0) (end -0.29 1.235516) (angle -108.8) (layer F.SilkS) (width 0.12))
    (fp_arc (start 1.27 0) (end 0.229039 -1.08) (angle 87.9) (layer F.SilkS) (width 0.12))
    (fp_arc (start 1.27 0) (end 0.229039 1.08) (angle -87.9) (layer F.SilkS) (width 0.12))
    (fp_circle (center 1.27 0) (end 2.77 0) (layer F.Fab) (width 0.1))
    (fp_line (start -0.23 -1.16619) (end -0.23 1.16619) (layer F.Fab) (width 0.1))
    (fp_line (start -0.29 -1.236) (end -0.29 -1.08) (layer F.SilkS) (width 0.12))
    (fp_line (start -0.29 1.08) (end -0.29 1.236) (layer F.SilkS) (width 0.12))
    (fp_line (start -1.15 -2.25) (end -1.15 2.25) (layer F.CrtYd) (width 0.05))
    (fp_line (start -1.15 2.25) (end 3.7 2.25) (layer F.CrtYd) (width 0.05))
    (fp_line (start 3.7 2.25) (end 3.7 -2.25) (layer F.CrtYd) (width 0.05))
    (fp_line (start 3.7 -2.25) (end -1.15 -2.25) (layer F.CrtYd) (width 0.05))
    (pad 1 thru_hole rect (at 0 0 180) (size 1.8 1.8) (drill 0.9) (layers *.Cu *.Mask)
      (net 2 GND))
    (pad 2 thru_hole circle (at 2.54 0 180) (size 1.8 1.8) (drill 0.9) (layers *.Cu *.Mask)
      (net 5 "Net-(D4-Pad2)"))
    (model ${KISYS3DMOD}/LED_THT.3dshapes/LED_D3.0mm.wrl
      (at (xyz 0 0 0))
      (scale (xyz 1 1 1))
      (rotate (xyz 0 0 0))
    )
  )

  (module LED_THT:LED_D3.0mm (layer F.Cu) (tedit 587A3A7B) (tstamp 61BCDE6C)
    (at 171.45 119.38 180)
    (descr "LED, diameter 3.0mm, 2 pins")
    (tags "LED diameter 3.0mm 2 pins")
    (path /61BE9396)
    (fp_text reference D5 (at 1.27 -2.96) (layer F.SilkS)
      (effects (font (size 1 1) (thickness 0.15)))
    )
    (fp_text value LED (at 1.27 2.96) (layer F.Fab)
      (effects (font (size 1 1) (thickness 0.15)))
    )
    (fp_line (start 3.7 -2.25) (end -1.15 -2.25) (layer F.CrtYd) (width 0.05))
    (fp_line (start 3.7 2.25) (end 3.7 -2.25) (layer F.CrtYd) (width 0.05))
    (fp_line (start -1.15 2.25) (end 3.7 2.25) (layer F.CrtYd) (width 0.05))
    (fp_line (start -1.15 -2.25) (end -1.15 2.25) (layer F.CrtYd) (width 0.05))
    (fp_line (start -0.29 1.08) (end -0.29 1.236) (layer F.SilkS) (width 0.12))
    (fp_line (start -0.29 -1.236) (end -0.29 -1.08) (layer F.SilkS) (width 0.12))
    (fp_line (start -0.23 -1.16619) (end -0.23 1.16619) (layer F.Fab) (width 0.1))
    (fp_circle (center 1.27 0) (end 2.77 0) (layer F.Fab) (width 0.1))
    (fp_arc (start 1.27 0) (end 0.229039 1.08) (angle -87.9) (layer F.SilkS) (width 0.12))
    (fp_arc (start 1.27 0) (end 0.229039 -1.08) (angle 87.9) (layer F.SilkS) (width 0.12))
    (fp_arc (start 1.27 0) (end -0.29 1.235516) (angle -108.8) (layer F.SilkS) (width 0.12))
    (fp_arc (start 1.27 0) (end -0.29 -1.235516) (angle 108.8) (layer F.SilkS) (width 0.12))
    (fp_arc (start 1.27 0) (end -0.23 -1.16619) (angle 284.3) (layer F.Fab) (width 0.1))
    (pad 2 thru_hole circle (at 2.54 0 180) (size 1.8 1.8) (drill 0.9) (layers *.Cu *.Mask)
      (net 6 "Net-(D5-Pad2)"))
    (pad 1 thru_hole rect (at 0 0 180) (size 1.8 1.8) (drill 0.9) (layers *.Cu *.Mask)
      (net 2 GND))
    (model ${KISYS3DMOD}/LED_THT.3dshapes/LED_D3.0mm.wrl
      (at (xyz 0 0 0))
      (scale (xyz 1 1 1))
      (rotate (xyz 0 0 0))
    )
  )

  (module LED_THT:LED_D3.0mm (layer F.Cu) (tedit 587A3A7B) (tstamp 61BCDE7F)
    (at 185.42 119.38 180)
    (descr "LED, diameter 3.0mm, 2 pins")
    (tags "LED diameter 3.0mm 2 pins")
    (path /61BEC9B4)
    (fp_text reference D6 (at 1.27 -2.96) (layer F.SilkS)
      (effects (font (size 1 1) (thickness 0.15)))
    )
    (fp_text value LED (at 1.27 2.96) (layer F.Fab)
      (effects (font (size 1 1) (thickness 0.15)))
    )
    (fp_arc (start 1.27 0) (end -0.23 -1.16619) (angle 284.3) (layer F.Fab) (width 0.1))
    (fp_arc (start 1.27 0) (end -0.29 -1.235516) (angle 108.8) (layer F.SilkS) (width 0.12))
    (fp_arc (start 1.27 0) (end -0.29 1.235516) (angle -108.8) (layer F.SilkS) (width 0.12))
    (fp_arc (start 1.27 0) (end 0.229039 -1.08) (angle 87.9) (layer F.SilkS) (width 0.12))
    (fp_arc (start 1.27 0) (end 0.229039 1.08) (angle -87.9) (layer F.SilkS) (width 0.12))
    (fp_circle (center 1.27 0) (end 2.77 0) (layer F.Fab) (width 0.1))
    (fp_line (start -0.23 -1.16619) (end -0.23 1.16619) (layer F.Fab) (width 0.1))
    (fp_line (start -0.29 -1.236) (end -0.29 -1.08) (layer F.SilkS) (width 0.12))
    (fp_line (start -0.29 1.08) (end -0.29 1.236) (layer F.SilkS) (width 0.12))
    (fp_line (start -1.15 -2.25) (end -1.15 2.25) (layer F.CrtYd) (width 0.05))
    (fp_line (start -1.15 2.25) (end 3.7 2.25) (layer F.CrtYd) (width 0.05))
    (fp_line (start 3.7 2.25) (end 3.7 -2.25) (layer F.CrtYd) (width 0.05))
    (fp_line (start 3.7 -2.25) (end -1.15 -2.25) (layer F.CrtYd) (width 0.05))
    (pad 1 thru_hole rect (at 0 0 180) (size 1.8 1.8) (drill 0.9) (layers *.Cu *.Mask)
      (net 2 GND))
    (pad 2 thru_hole circle (at 2.54 0 180) (size 1.8 1.8) (drill 0.9) (layers *.Cu *.Mask)
      (net 7 "Net-(D6-Pad2)"))
    (model ${KISYS3DMOD}/LED_THT.3dshapes/LED_D3.0mm.wrl
      (at (xyz 0 0 0))
      (scale (xyz 1 1 1))
      (rotate (xyz 0 0 0))
    )
  )

  (module LED_THT:LED_D3.0mm (layer F.Cu) (tedit 587A3A7B) (tstamp 61BCDE92)
    (at 199.39 119.38 180)
    (descr "LED, diameter 3.0mm, 2 pins")
    (tags "LED diameter 3.0mm 2 pins")
    (path /61C8A3E1)
    (fp_text reference D7 (at 1.27 -2.96) (layer F.SilkS)
      (effects (font (size 1 1) (thickness 0.15)))
    )
    (fp_text value LED (at 1.27 2.96) (layer F.Fab)
      (effects (font (size 1 1) (thickness 0.15)))
    )
    (fp_arc (start 1.27 0) (end -0.23 -1.16619) (angle 284.3) (layer F.Fab) (width 0.1))
    (fp_arc (start 1.27 0) (end -0.29 -1.235516) (angle 108.8) (layer F.SilkS) (width 0.12))
    (fp_arc (start 1.27 0) (end -0.29 1.235516) (angle -108.8) (layer F.SilkS) (width 0.12))
    (fp_arc (start 1.27 0) (end 0.229039 -1.08) (angle 87.9) (layer F.SilkS) (width 0.12))
    (fp_arc (start 1.27 0) (end 0.229039 1.08) (angle -87.9) (layer F.SilkS) (width 0.12))
    (fp_circle (center 1.27 0) (end 2.77 0) (layer F.Fab) (width 0.1))
    (fp_line (start -0.23 -1.16619) (end -0.23 1.16619) (layer F.Fab) (width 0.1))
    (fp_line (start -0.29 -1.236) (end -0.29 -1.08) (layer F.SilkS) (width 0.12))
    (fp_line (start -0.29 1.08) (end -0.29 1.236) (layer F.SilkS) (width 0.12))
    (fp_line (start -1.15 -2.25) (end -1.15 2.25) (layer F.CrtYd) (width 0.05))
    (fp_line (start -1.15 2.25) (end 3.7 2.25) (layer F.CrtYd) (width 0.05))
    (fp_line (start 3.7 2.25) (end 3.7 -2.25) (layer F.CrtYd) (width 0.05))
    (fp_line (start 3.7 -2.25) (end -1.15 -2.25) (layer F.CrtYd) (width 0.05))
    (pad 1 thru_hole rect (at 0 0 180) (size 1.8 1.8) (drill 0.9) (layers *.Cu *.Mask)
      (net 2 GND))
    (pad 2 thru_hole circle (at 2.54 0 180) (size 1.8 1.8) (drill 0.9) (layers *.Cu *.Mask)
      (net 8 "Net-(D7-Pad2)"))
    (model ${KISYS3DMOD}/LED_THT.3dshapes/LED_D3.0mm.wrl
      (at (xyz 0 0 0))
      (scale (xyz 1 1 1))
      (rotate (xyz 0 0 0))
    )
  )

  (module Connector_Molex:Molex_KK-254_AE-6410-03A_1x03_P2.54mm_Vertical (layer F.Cu) (tedit 5B78013E) (tstamp 61BCF118)
    (at 186.69 85.09)
    (descr "Molex KK-254 Interconnect System, old/engineering part number: AE-6410-03A example for new part number: 22-27-2031, 3 Pins (http://www.molex.com/pdm_docs/sd/022272021_sd.pdf), generated with kicad-footprint-generator")
    (tags "connector Molex KK-254 side entry")
    (path /61BA0530)
    (fp_text reference J1 (at 2.54 -4.12) (layer F.SilkS)
      (effects (font (size 1 1) (thickness 0.15)))
    )
    (fp_text value Conn_01x03 (at 2.54 4.08) (layer F.Fab)
      (effects (font (size 1 1) (thickness 0.15)))
    )
    (fp_text user %R (at 2.54 -2.22) (layer F.Fab)
      (effects (font (size 1 1) (thickness 0.15)))
    )
    (fp_line (start 6.85 -3.42) (end -1.77 -3.42) (layer F.CrtYd) (width 0.05))
    (fp_line (start 6.85 3.38) (end 6.85 -3.42) (layer F.CrtYd) (width 0.05))
    (fp_line (start -1.77 3.38) (end 6.85 3.38) (layer F.CrtYd) (width 0.05))
    (fp_line (start -1.77 -3.42) (end -1.77 3.38) (layer F.CrtYd) (width 0.05))
    (fp_line (start 5.88 -2.43) (end 5.88 -3.03) (layer F.SilkS) (width 0.12))
    (fp_line (start 4.28 -2.43) (end 5.88 -2.43) (layer F.SilkS) (width 0.12))
    (fp_line (start 4.28 -3.03) (end 4.28 -2.43) (layer F.SilkS) (width 0.12))
    (fp_line (start 3.34 -2.43) (end 3.34 -3.03) (layer F.SilkS) (width 0.12))
    (fp_line (start 1.74 -2.43) (end 3.34 -2.43) (layer F.SilkS) (width 0.12))
    (fp_line (start 1.74 -3.03) (end 1.74 -2.43) (layer F.SilkS) (width 0.12))
    (fp_line (start 0.8 -2.43) (end 0.8 -3.03) (layer F.SilkS) (width 0.12))
    (fp_line (start -0.8 -2.43) (end 0.8 -2.43) (layer F.SilkS) (width 0.12))
    (fp_line (start -0.8 -3.03) (end -0.8 -2.43) (layer F.SilkS) (width 0.12))
    (fp_line (start 4.83 2.99) (end 4.83 1.99) (layer F.SilkS) (width 0.12))
    (fp_line (start 0.25 2.99) (end 0.25 1.99) (layer F.SilkS) (width 0.12))
    (fp_line (start 4.83 1.46) (end 5.08 1.99) (layer F.SilkS) (width 0.12))
    (fp_line (start 0.25 1.46) (end 4.83 1.46) (layer F.SilkS) (width 0.12))
    (fp_line (start 0 1.99) (end 0.25 1.46) (layer F.SilkS) (width 0.12))
    (fp_line (start 5.08 1.99) (end 5.08 2.99) (layer F.SilkS) (width 0.12))
    (fp_line (start 0 1.99) (end 5.08 1.99) (layer F.SilkS) (width 0.12))
    (fp_line (start 0 2.99) (end 0 1.99) (layer F.SilkS) (width 0.12))
    (fp_line (start -0.562893 0) (end -1.27 0.5) (layer F.Fab) (width 0.1))
    (fp_line (start -1.27 -0.5) (end -0.562893 0) (layer F.Fab) (width 0.1))
    (fp_line (start -1.67 -2) (end -1.67 2) (layer F.SilkS) (width 0.12))
    (fp_line (start 6.46 -3.03) (end -1.38 -3.03) (layer F.SilkS) (width 0.12))
    (fp_line (start 6.46 2.99) (end 6.46 -3.03) (layer F.SilkS) (width 0.12))
    (fp_line (start -1.38 2.99) (end 6.46 2.99) (layer F.SilkS) (width 0.12))
    (fp_line (start -1.38 -3.03) (end -1.38 2.99) (layer F.SilkS) (width 0.12))
    (fp_line (start 6.35 -2.92) (end -1.27 -2.92) (layer F.Fab) (width 0.1))
    (fp_line (start 6.35 2.88) (end 6.35 -2.92) (layer F.Fab) (width 0.1))
    (fp_line (start -1.27 2.88) (end 6.35 2.88) (layer F.Fab) (width 0.1))
    (fp_line (start -1.27 -2.92) (end -1.27 2.88) (layer F.Fab) (width 0.1))
    (pad 3 thru_hole oval (at 5.08 0) (size 1.74 2.2) (drill 1.2) (layers *.Cu *.Mask)
      (net 9 /RFID6))
    (pad 2 thru_hole oval (at 2.54 0) (size 1.74 2.2) (drill 1.2) (layers *.Cu *.Mask)
      (net 10 /RFID5))
    (pad 1 thru_hole roundrect (at 0 0) (size 1.74 2.2) (drill 1.2) (layers *.Cu *.Mask) (roundrect_rratio 0.143678)
      (net 11 /RFID4))
    (model ${KISYS3DMOD}/Connector_Molex.3dshapes/Molex_KK-254_AE-6410-03A_1x03_P2.54mm_Vertical.wrl
      (at (xyz 0 0 0))
      (scale (xyz 1 1 1))
      (rotate (xyz 0 0 0))
    )
  )

  (module Connector_Molex:Molex_KK-254_AE-6410-03A_1x03_P2.54mm_Vertical (layer F.Cu) (tedit 5B78013E) (tstamp 61BCF18D)
    (at 175.26 85.09)
    (descr "Molex KK-254 Interconnect System, old/engineering part number: AE-6410-03A example for new part number: 22-27-2031, 3 Pins (http://www.molex.com/pdm_docs/sd/022272021_sd.pdf), generated with kicad-footprint-generator")
    (tags "connector Molex KK-254 side entry")
    (path /61BBFC7F)
    (fp_text reference J2 (at 2.54 -4.12) (layer F.SilkS)
      (effects (font (size 1 1) (thickness 0.15)))
    )
    (fp_text value Conn_01x03 (at 2.54 4.08) (layer F.Fab)
      (effects (font (size 1 1) (thickness 0.15)))
    )
    (fp_line (start -1.27 -2.92) (end -1.27 2.88) (layer F.Fab) (width 0.1))
    (fp_line (start -1.27 2.88) (end 6.35 2.88) (layer F.Fab) (width 0.1))
    (fp_line (start 6.35 2.88) (end 6.35 -2.92) (layer F.Fab) (width 0.1))
    (fp_line (start 6.35 -2.92) (end -1.27 -2.92) (layer F.Fab) (width 0.1))
    (fp_line (start -1.38 -3.03) (end -1.38 2.99) (layer F.SilkS) (width 0.12))
    (fp_line (start -1.38 2.99) (end 6.46 2.99) (layer F.SilkS) (width 0.12))
    (fp_line (start 6.46 2.99) (end 6.46 -3.03) (layer F.SilkS) (width 0.12))
    (fp_line (start 6.46 -3.03) (end -1.38 -3.03) (layer F.SilkS) (width 0.12))
    (fp_line (start -1.67 -2) (end -1.67 2) (layer F.SilkS) (width 0.12))
    (fp_line (start -1.27 -0.5) (end -0.562893 0) (layer F.Fab) (width 0.1))
    (fp_line (start -0.562893 0) (end -1.27 0.5) (layer F.Fab) (width 0.1))
    (fp_line (start 0 2.99) (end 0 1.99) (layer F.SilkS) (width 0.12))
    (fp_line (start 0 1.99) (end 5.08 1.99) (layer F.SilkS) (width 0.12))
    (fp_line (start 5.08 1.99) (end 5.08 2.99) (layer F.SilkS) (width 0.12))
    (fp_line (start 0 1.99) (end 0.25 1.46) (layer F.SilkS) (width 0.12))
    (fp_line (start 0.25 1.46) (end 4.83 1.46) (layer F.SilkS) (width 0.12))
    (fp_line (start 4.83 1.46) (end 5.08 1.99) (layer F.SilkS) (width 0.12))
    (fp_line (start 0.25 2.99) (end 0.25 1.99) (layer F.SilkS) (width 0.12))
    (fp_line (start 4.83 2.99) (end 4.83 1.99) (layer F.SilkS) (width 0.12))
    (fp_line (start -0.8 -3.03) (end -0.8 -2.43) (layer F.SilkS) (width 0.12))
    (fp_line (start -0.8 -2.43) (end 0.8 -2.43) (layer F.SilkS) (width 0.12))
    (fp_line (start 0.8 -2.43) (end 0.8 -3.03) (layer F.SilkS) (width 0.12))
    (fp_line (start 1.74 -3.03) (end 1.74 -2.43) (layer F.SilkS) (width 0.12))
    (fp_line (start 1.74 -2.43) (end 3.34 -2.43) (layer F.SilkS) (width 0.12))
    (fp_line (start 3.34 -2.43) (end 3.34 -3.03) (layer F.SilkS) (width 0.12))
    (fp_line (start 4.28 -3.03) (end 4.28 -2.43) (layer F.SilkS) (width 0.12))
    (fp_line (start 4.28 -2.43) (end 5.88 -2.43) (layer F.SilkS) (width 0.12))
    (fp_line (start 5.88 -2.43) (end 5.88 -3.03) (layer F.SilkS) (width 0.12))
    (fp_line (start -1.77 -3.42) (end -1.77 3.38) (layer F.CrtYd) (width 0.05))
    (fp_line (start -1.77 3.38) (end 6.85 3.38) (layer F.CrtYd) (width 0.05))
    (fp_line (start 6.85 3.38) (end 6.85 -3.42) (layer F.CrtYd) (width 0.05))
    (fp_line (start 6.85 -3.42) (end -1.77 -3.42) (layer F.CrtYd) (width 0.05))
    (fp_text user %R (at 2.54 -2.22) (layer F.Fab)
      (effects (font (size 1 1) (thickness 0.15)))
    )
    (pad 1 thru_hole roundrect (at 0 0) (size 1.74 2.2) (drill 1.2) (layers *.Cu *.Mask) (roundrect_rratio 0.143678)
      (net 14 /RFID1))
    (pad 2 thru_hole oval (at 2.54 0) (size 1.74 2.2) (drill 1.2) (layers *.Cu *.Mask)
      (net 13 /RFID2))
    (pad 3 thru_hole oval (at 5.08 0) (size 1.74 2.2) (drill 1.2) (layers *.Cu *.Mask)
      (net 12 /RFID3))
    (model ${KISYS3DMOD}/Connector_Molex.3dshapes/Molex_KK-254_AE-6410-03A_1x03_P2.54mm_Vertical.wrl
      (at (xyz 0 0 0))
      (scale (xyz 1 1 1))
      (rotate (xyz 0 0 0))
    )
  )

  (module Connector_Molex:Molex_KK-254_AE-6410-02A_1x02_P2.54mm_Vertical (layer F.Cu) (tedit 5B78013E) (tstamp 61BCF0AB)
    (at 198.12 85.09)
    (descr "Molex KK-254 Interconnect System, old/engineering part number: AE-6410-02A example for new part number: 22-27-2021, 2 Pins (http://www.molex.com/pdm_docs/sd/022272021_sd.pdf), generated with kicad-footprint-generator")
    (tags "connector Molex KK-254 side entry")
    (path /61BC02FB)
    (fp_text reference J3 (at 1.27 -4.12) (layer F.SilkS)
      (effects (font (size 1 1) (thickness 0.15)))
    )
    (fp_text value Conn_01x02 (at 1.27 4.08) (layer F.Fab)
      (effects (font (size 1 1) (thickness 0.15)))
    )
    (fp_line (start -1.27 -2.92) (end -1.27 2.88) (layer F.Fab) (width 0.1))
    (fp_line (start -1.27 2.88) (end 3.81 2.88) (layer F.Fab) (width 0.1))
    (fp_line (start 3.81 2.88) (end 3.81 -2.92) (layer F.Fab) (width 0.1))
    (fp_line (start 3.81 -2.92) (end -1.27 -2.92) (layer F.Fab) (width 0.1))
    (fp_line (start -1.38 -3.03) (end -1.38 2.99) (layer F.SilkS) (width 0.12))
    (fp_line (start -1.38 2.99) (end 3.92 2.99) (layer F.SilkS) (width 0.12))
    (fp_line (start 3.92 2.99) (end 3.92 -3.03) (layer F.SilkS) (width 0.12))
    (fp_line (start 3.92 -3.03) (end -1.38 -3.03) (layer F.SilkS) (width 0.12))
    (fp_line (start -1.67 -2) (end -1.67 2) (layer F.SilkS) (width 0.12))
    (fp_line (start -1.27 -0.5) (end -0.562893 0) (layer F.Fab) (width 0.1))
    (fp_line (start -0.562893 0) (end -1.27 0.5) (layer F.Fab) (width 0.1))
    (fp_line (start 0 2.99) (end 0 1.99) (layer F.SilkS) (width 0.12))
    (fp_line (start 0 1.99) (end 2.54 1.99) (layer F.SilkS) (width 0.12))
    (fp_line (start 2.54 1.99) (end 2.54 2.99) (layer F.SilkS) (width 0.12))
    (fp_line (start 0 1.99) (end 0.25 1.46) (layer F.SilkS) (width 0.12))
    (fp_line (start 0.25 1.46) (end 2.29 1.46) (layer F.SilkS) (width 0.12))
    (fp_line (start 2.29 1.46) (end 2.54 1.99) (layer F.SilkS) (width 0.12))
    (fp_line (start 0.25 2.99) (end 0.25 1.99) (layer F.SilkS) (width 0.12))
    (fp_line (start 2.29 2.99) (end 2.29 1.99) (layer F.SilkS) (width 0.12))
    (fp_line (start -0.8 -3.03) (end -0.8 -2.43) (layer F.SilkS) (width 0.12))
    (fp_line (start -0.8 -2.43) (end 0.8 -2.43) (layer F.SilkS) (width 0.12))
    (fp_line (start 0.8 -2.43) (end 0.8 -3.03) (layer F.SilkS) (width 0.12))
    (fp_line (start 1.74 -3.03) (end 1.74 -2.43) (layer F.SilkS) (width 0.12))
    (fp_line (start 1.74 -2.43) (end 3.34 -2.43) (layer F.SilkS) (width 0.12))
    (fp_line (start 3.34 -2.43) (end 3.34 -3.03) (layer F.SilkS) (width 0.12))
    (fp_line (start -1.77 -3.42) (end -1.77 3.38) (layer F.CrtYd) (width 0.05))
    (fp_line (start -1.77 3.38) (end 4.31 3.38) (layer F.CrtYd) (width 0.05))
    (fp_line (start 4.31 3.38) (end 4.31 -3.42) (layer F.CrtYd) (width 0.05))
    (fp_line (start 4.31 -3.42) (end -1.77 -3.42) (layer F.CrtYd) (width 0.05))
    (fp_text user %R (at 1.27 -2.22) (layer F.Fab)
      (effects (font (size 1 1) (thickness 0.15)))
    )
    (pad 1 thru_hole roundrect (at 0 0) (size 1.74 2.2) (drill 1.2) (layers *.Cu *.Mask) (roundrect_rratio 0.143678)
      (net 2 GND))
    (pad 2 thru_hole oval (at 2.54 0) (size 1.74 2.2) (drill 1.2) (layers *.Cu *.Mask)
      (net 15 +5V))
    (model ${KISYS3DMOD}/Connector_Molex.3dshapes/Molex_KK-254_AE-6410-02A_1x02_P2.54mm_Vertical.wrl
      (at (xyz 0 0 0))
      (scale (xyz 1 1 1))
      (rotate (xyz 0 0 0))
    )
  )

  (module Connector_PinHeader_2.54mm:PinHeader_2x20_P2.54mm_Vertical (layer F.Cu) (tedit 59FED5CC) (tstamp 61BCDF44)
    (at 96.52 71.12)
    (descr "Through hole straight pin header, 2x20, 2.54mm pitch, double rows")
    (tags "Through hole pin header THT 2x20 2.54mm double row")
    (path /61CC87CD)
    (fp_text reference J4 (at 1.27 -2.33) (layer F.SilkS)
      (effects (font (size 1 1) (thickness 0.15)))
    )
    (fp_text value SMM_Mega_Shield_Connector (at 1.27 50.59) (layer F.Fab)
      (effects (font (size 1 1) (thickness 0.15)))
    )
    (fp_line (start 0 -1.27) (end 3.81 -1.27) (layer F.Fab) (width 0.1))
    (fp_line (start 3.81 -1.27) (end 3.81 49.53) (layer F.Fab) (width 0.1))
    (fp_line (start 3.81 49.53) (end -1.27 49.53) (layer F.Fab) (width 0.1))
    (fp_line (start -1.27 49.53) (end -1.27 0) (layer F.Fab) (width 0.1))
    (fp_line (start -1.27 0) (end 0 -1.27) (layer F.Fab) (width 0.1))
    (fp_line (start -1.33 49.59) (end 3.87 49.59) (layer F.SilkS) (width 0.12))
    (fp_line (start -1.33 1.27) (end -1.33 49.59) (layer F.SilkS) (width 0.12))
    (fp_line (start 3.87 -1.33) (end 3.87 49.59) (layer F.SilkS) (width 0.12))
    (fp_line (start -1.33 1.27) (end 1.27 1.27) (layer F.SilkS) (width 0.12))
    (fp_line (start 1.27 1.27) (end 1.27 -1.33) (layer F.SilkS) (width 0.12))
    (fp_line (start 1.27 -1.33) (end 3.87 -1.33) (layer F.SilkS) (width 0.12))
    (fp_line (start -1.33 0) (end -1.33 -1.33) (layer F.SilkS) (width 0.12))
    (fp_line (start -1.33 -1.33) (end 0 -1.33) (layer F.SilkS) (width 0.12))
    (fp_line (start -1.8 -1.8) (end -1.8 50.05) (layer F.CrtYd) (width 0.05))
    (fp_line (start -1.8 50.05) (end 4.35 50.05) (layer F.CrtYd) (width 0.05))
    (fp_line (start 4.35 50.05) (end 4.35 -1.8) (layer F.CrtYd) (width 0.05))
    (fp_line (start 4.35 -1.8) (end -1.8 -1.8) (layer F.CrtYd) (width 0.05))
    (fp_text user %R (at 1.27 24.13 90) (layer F.Fab)
      (effects (font (size 1 1) (thickness 0.15)))
    )
    (pad 1 thru_hole rect (at 0 0) (size 1.7 1.7) (drill 1) (layers *.Cu *.Mask)
      (net 2 GND))
    (pad 2 thru_hole oval (at 2.54 0) (size 1.7 1.7) (drill 1) (layers *.Cu *.Mask)
      (net 53 "Net-(J4-Pad2)"))
    (pad 3 thru_hole oval (at 0 2.54) (size 1.7 1.7) (drill 1) (layers *.Cu *.Mask)
      (net 52 "Net-(J4-Pad3)"))
    (pad 4 thru_hole oval (at 2.54 2.54) (size 1.7 1.7) (drill 1) (layers *.Cu *.Mask)
      (net 51 "Net-(J4-Pad4)"))
    (pad 5 thru_hole oval (at 0 5.08) (size 1.7 1.7) (drill 1) (layers *.Cu *.Mask)
      (net 50 "Net-(J4-Pad5)"))
    (pad 6 thru_hole oval (at 2.54 5.08) (size 1.7 1.7) (drill 1) (layers *.Cu *.Mask)
      (net 49 "Net-(J4-Pad6)"))
    (pad 7 thru_hole oval (at 0 7.62) (size 1.7 1.7) (drill 1) (layers *.Cu *.Mask)
      (net 15 +5V))
    (pad 8 thru_hole oval (at 2.54 7.62) (size 1.7 1.7) (drill 1) (layers *.Cu *.Mask)
      (net 48 "Net-(J4-Pad8)"))
    (pad 9 thru_hole oval (at 0 10.16) (size 1.7 1.7) (drill 1) (layers *.Cu *.Mask)
      (net 47 "Net-(J4-Pad9)"))
    (pad 10 thru_hole oval (at 2.54 10.16) (size 1.7 1.7) (drill 1) (layers *.Cu *.Mask)
      (net 46 /SCL))
    (pad 11 thru_hole oval (at 0 12.7) (size 1.7 1.7) (drill 1) (layers *.Cu *.Mask)
      (net 45 "Net-(J4-Pad11)"))
    (pad 12 thru_hole oval (at 2.54 12.7) (size 1.7 1.7) (drill 1) (layers *.Cu *.Mask)
      (net 44 /SDA))
    (pad 13 thru_hole oval (at 0 15.24) (size 1.7 1.7) (drill 1) (layers *.Cu *.Mask)
      (net 43 "Net-(J4-Pad13)"))
    (pad 14 thru_hole oval (at 2.54 15.24) (size 1.7 1.7) (drill 1) (layers *.Cu *.Mask)
      (net 42 "Net-(J4-Pad14)"))
    (pad 15 thru_hole oval (at 0 17.78) (size 1.7 1.7) (drill 1) (layers *.Cu *.Mask)
      (net 41 "Net-(J4-Pad15)"))
    (pad 16 thru_hole oval (at 2.54 17.78) (size 1.7 1.7) (drill 1) (layers *.Cu *.Mask)
      (net 40 "Net-(J4-Pad16)"))
    (pad 17 thru_hole oval (at 0 20.32) (size 1.7 1.7) (drill 1) (layers *.Cu *.Mask)
      (net 39 "Net-(J4-Pad17)"))
    (pad 18 thru_hole oval (at 2.54 20.32) (size 1.7 1.7) (drill 1) (layers *.Cu *.Mask)
      (net 38 "Net-(J4-Pad18)"))
    (pad 19 thru_hole oval (at 0 22.86) (size 1.7 1.7) (drill 1) (layers *.Cu *.Mask)
      (net 37 "Net-(J4-Pad19)"))
    (pad 20 thru_hole oval (at 2.54 22.86) (size 1.7 1.7) (drill 1) (layers *.Cu *.Mask)
      (net 36 "Net-(J4-Pad20)"))
    (pad 21 thru_hole oval (at 0 25.4) (size 1.7 1.7) (drill 1) (layers *.Cu *.Mask)
      (net 35 "Net-(J4-Pad21)"))
    (pad 22 thru_hole oval (at 2.54 25.4) (size 1.7 1.7) (drill 1) (layers *.Cu *.Mask)
      (net 34 "Net-(J4-Pad22)"))
    (pad 23 thru_hole oval (at 0 27.94) (size 1.7 1.7) (drill 1) (layers *.Cu *.Mask)
      (net 33 "Net-(J4-Pad23)"))
    (pad 24 thru_hole oval (at 2.54 27.94) (size 1.7 1.7) (drill 1) (layers *.Cu *.Mask)
      (net 32 "Net-(J4-Pad24)"))
    (pad 25 thru_hole oval (at 0 30.48) (size 1.7 1.7) (drill 1) (layers *.Cu *.Mask)
      (net 31 "Net-(J4-Pad25)"))
    (pad 26 thru_hole oval (at 2.54 30.48) (size 1.7 1.7) (drill 1) (layers *.Cu *.Mask)
      (net 30 "Net-(J4-Pad26)"))
    (pad 27 thru_hole oval (at 0 33.02) (size 1.7 1.7) (drill 1) (layers *.Cu *.Mask)
      (net 29 "Net-(J4-Pad27)"))
    (pad 28 thru_hole oval (at 2.54 33.02) (size 1.7 1.7) (drill 1) (layers *.Cu *.Mask)
      (net 28 "Net-(J4-Pad28)"))
    (pad 29 thru_hole oval (at 0 35.56) (size 1.7 1.7) (drill 1) (layers *.Cu *.Mask)
      (net 27 "Net-(J4-Pad29)"))
